313.137569968346 -16.9748620149959
45.7177940122546 47.1107826301492
68.9801627912526 16.5100239972247
149.036126478822 62.7906899205878
198.467606875452 -45.1861111288005
266.389767366089 46.8554696898833
330.304689468223 28.3067644527158
12.276211503892 57.8173245141461
69.4205488061625 52.8954302366025
323.391563936564 -49.0112697611585
220.5899200229 66.055682047318
239.419767024209 -42.6247643737064
271.36368826292 2.5037763026941
281.86354409892 -3.64059732690096
352.967412413639 19.9374948404101
41.0646210040163 25.5247544655805
107.50764403331 38.5330818139457
108.958909270768 47.2406751762508
118.642414912377 -1.41202429891974
1.35178405776481 -37.348434174562
122.054943401084 21.1040800539044
142.685771555711 0.321139413831925
191.985935821305 9.7501210223947
253.869823215135 -8.33299356376854
264.820484692479 3.55561221352184
279.722501895731 -21.0512907748605
286.7186029678 -37.8092574118888
307.633521534059 65.4503458310848
317.633649559058 22.4545970425976
4.59535561818981 44.0213863783889
18.1276632632268 -17.0014292887391
82.0006354701021 9.64682841905712
103.703992228514 33.2670716472696
124.033255492028 1.30274187854027
233.053885435866 -41.2784559098934
271.281578990307 -3.03004784906108
275.264094163968 72.7341834647567
3.86712872733954 -16.13146501655
26.0170142157735 -15.9407420579688
53.2326873471607 -9.45833310604873
63.8179989651992 -7.6398081945388
77.9190825446565 -44.9965274185835
67.8213212425845 -41.3434760777557
97.3475278811637 -2.81162685977672
111.852082307502 5.23989414057348
152.84225198574 49.4561650830982
165.834141403599 35.9880829560603
166.369073705911 43.5231751581421
176.934989071093 0.801157895375137
217.428950935501 -62.6824151124023
280.694601179447 59.6353666122659
219.89609518805 -60.8405957140248
219.902057670496 -60.835803093975
247.575243311345 -12.6658783335623
55.5172273039408 -17.1459655615728
262.166435769886 -46.8918282234189
264.10791290319 68.3356138431298
269.452075174325 4.65394319801711
316.724800606522 38.7369545765157
280.695400528448 59.632047114983
316.730265088592 38.7300462152491
319.313624582692 -38.8705464524506
330.840237390254 -56.7762791000907
336.997803998667 57.6976607738758
346.466818207377 -35.8581407592733
26.4010788344188 -18.0598644411142
174.204966807173 -7.60588599761679
311.074956769599 -33.7058152845613
159.250052264376 -8.83965931823848
282.455675627179 -23.8354983588311
300.992394659959 -7.03932593081439
315.358858732111 40.6179455229605
293.35359539601 -83.3735439026815
196.129028110424 -65.9218367484392
268.35244467932 63.0708648314284
295.778897227058 -8.32942065329338
98.0114396024911 40.4030650300936
326.76018432901 -16.1261538570692
286.773186358065 20.8870694612979
30.2060828780809 -8.47187804235967
73.2063366463458 -19.9171776758935
206.272242394491 -4.62060972941402
343.319718134402 -14.2655668233613
66.6096774617752 -10.5509843640602
80.6562136371816 2.60372301027994
286.8050167609 20.8760926718943
267.808425761746 40.0724901542352
21.577859966437 43.4579691818581
342.500804794508 24.6017428039324
61.8931420043956 38.0753987496851
62.1525714725563 38.0391792723915
143.855132789777 3.90549379526281
289.230236010682 5.16519781377147
145.70695868021 -22.9644642390462
178.503263046434 29.5537328309574
116.167391714261 3.55417559210801
139.86796810778 0.896711305499745
271.452033745763 -30.4233989118965
284.1548847689 4.26489320899679
99.4180357167469 -30.1552140521266
147.150011425597 -38.521817278828
191.060604741573 51.7600038558101
316.378119952547 -39.5443680003186
55.9385302926846 16.6664070270049
79.1723279481914 45.999621950313
89.3008924781875 -30.4385013597983
135.89029928893 -20.5997363593065
282.832179317288 -44.4759732222249
287.442069562682 -51.0486503919307
